12044315
68506277
121854485
129602890
159596399
179829656
243148047
319882544
323202865
333762747
336020971
348111373
379549220
386144983
388099381
414005779
428084000
460012795
473172814
483540057
493916365
565339387
606351199
630738771
633634394
651480082
687354172
728657588
729570231
730507359
737570550
743056910
770327737
779617751
815304442
821759004
836246371
847242605
857565046
861878917
871654476
878460528
885362869
887537063
921424998
928195322
940079065
943291883
962391583
978946419
984964460
1005082778
1032593581
1047031591
1057308950
1072623366
1084408792
1094676091
1108517039
1114348567
1134696578
1182395427
1190601086
1191422981
1210514481
1228050900
1237810710
1255100641
1275352507
1280244466
1332973105
1425236748
1430080769
1432314790
1439429878
1439481231
1456413804
1493728144
1554105768
1596326322
1603179444
1659771429
1713972377
1769951634
1770476307
1789882625
1853755898
1866851643
1876088834
1892092453
1902731694
1910821945
1911827372
1957765962
2004294136
2024395957
2070127784
2075329335
2112338702
2113316320
